

11	
22	12	
26	14	8	

Recorrido:
0, 1, 3, 2
Peso total: 55
Tamaño	tiempo
4	2.5e-05

4391	
4946	585	
3648	765	1298	
3500	1029	1612	646	

Recorrido:
0, 3, 2, 1, 4
Peso total: 10060
Tamaño	tiempo
5	7.9e-05

942	
843	953	
1261	1711	771	
742	382	1092	1781	
595	937	262	801	981	

Recorrido:
0, 4, 1, 2, 3, 5
Peso total: 4244
Tamaño	tiempo
6	0.000351

251	
187	175	
558	318	412	
685	455	522	147	
941	774	754	537	412	
1031	844	846	576	435	126	

Recorrido:
0, 1, 3, 4, 6, 5, 2
Peso total: 2218
Tamaño	tiempo
7	0.001232

25	
47	24	
41	31	26	
35	33	36	11	
70	54	34	30	40	
68	54	37	27	35	8	
19	28	43	26	18	56	53	

Recorrido:
0, 1, 2, 5, 6, 3, 4, 7
Peso total: 166
Tamaño	tiempo
8	0.00264

41	
44	10	
50	16	7	
50	25	15	10	
62	31	21	15	13	
45	32	24	21	13	24	
29	12	19	26	32	40	34	
35	16	12	16	16	28	17	17	

Recorrido:
0, 7, 1, 2, 3, 5, 4, 6, 8
Peso total: 151
Tamaño	tiempo
9	0.005634

1	
4	3	
9	8	5	
7	6	4	4	
9	7	7	8	4	
11	9	8	6	4	4	
15	14	11	7	8	10	6	
33	34	34	34	37	40	40	39	
47	47	46	44	48	52	50	46	23	

Recorrido:
0, 1, 2, 3, 4, 5, 6, 7, 9, 8
Peso total: 129
Tamaño	tiempo
10	0.302475

2	
12	15	
17	19	6	
17	19	7	2	
14	16	10	8	7	
14	16	9	8	6	1	
12	14	9	9	8	3	2	
17	19	12	9	7	3	4	5	
25	25	32	32	31	24	24	23	24	
27	26	36	38	36	30	30	28	31	8	

Recorrido:
0, 1, 10, 9, 7, 6, 5, 8, 4, 3, 2
Peso total: 92
Tamaño	tiempo
11	0.850997

1143	
1042	190	
931	1876	1840	
2381	3403	3361	1527	
1320	2413	2342	656	1097	
913	422	234	1777	3278	2232	
2822	3658	3664	1890	928	1754	3638	
1348	2038	2054	567	1565	1071	2052	1624	
1178	559	397	2068	3557	2496	301	3936	2354	
1370	387	351	2191	3709	2682	470	4012	2399	354	
1712	2011	2090	1196	2144	1761	2164	1940	691	2454	2398	

Recorrido:
0, 3, 5, 4, 7, 8, 11, 1, 2, 10, 9, 6
Peso total: 10047
Tamaño	tiempo
12	0.400281

2702	
2807	141	
2508	224	300	
1612	1105	1200	900	
1513	1204	1300	1000	100	
1628	1118	1204	906	100	141	
1334	1414	1503	1204	316	224	300	
1044	1712	1803	1503	608	510	600	300	
762	2010	2102	1803	906	806	900	600	300	
583	2209	2302	2002	1105	1005	1100	800	500	200	
3183	2138	2062	2010	2119	2154	2025	2147	2302	2484	2617	
3111	2159	2088	2022	2088	2119	1992	2102	2247	2421	2550	100	

Recorrido:
0, 10, 9, 8, 7, 5, 4, 6, 3, 1, 2, 11, 12
Peso total: 8351
Tamaño	tiempo
13	26.1697

180	
403	255	
522	354	141	
652	502	250	180	
752	602	350	269	100	
707	695	559	650	570	604	
885	875	728	806	702	716	180	
1070	1074	934	1011	900	906	381	206	
1321	1250	1026	1031	860	806	667	550	539	
1118	1040	814	820	652	604	500	427	495	212	
1254	1166	930	919	743	680	650	570	610	150	150	
1140	1031	783	750	570	495	632	610	711	354	224	206	
1110	982	728	671	492	403	695	707	832	502	364	354	150	

Recorrido:
0, 1, 2, 3, 4, 5, 13, 12, 10, 11, 9, 8, 7, 6
Peso total: 3565
Tamaño	tiempo
14	1.30686

180	
403	255	
522	354	141	
652	502	250	180	
752	602	350	269	100	
707	695	559	650	570	604	
885	875	728	806	702	716	180	
1070	1074	934	1011	900	906	381	206	
1193	1134	922	943	783	743	522	400	403	
1321	1250	1026	1031	860	806	667	550	539	150	
1118	1040	814	820	652	604	500	427	495	150	212	
1254	1166	930	919	743	680	650	570	610	212	150	150	
1140	1031	783	750	570	495	632	610	711	364	354	224	206	
1110	982	728	671	492	403	695	707	832	510	502	364	354	150	

Recorrido:
0, 1, 2, 3, 4, 5, 14, 13, 11, 12, 10, 9, 8, 7, 6
Peso total: 3579
Tamaño	tiempo
15	2.74495
